0 1 0.651042 8.990412 1.246075
 0 2 0.674479 7.178393 1.053237
 0 3 0.635417 7.053435 1.149985
 0 4 0.653646 6.525271 1.019626
 0 5 0.644792 6.771405 1.017031
 0 6 0.665799 6.692013 0.988927
 0 7 0.673363 6.717421 0.993217
 0 8 0.676432 6.502015 0.963482
 0 9 0.687500 6.864230 0.913537
 0 10 0.692708 6.808518 0.869165
 0 11 0.619792 7.754918 0.743307
 0 12 0.661458 6.934604 0.737303
 1 1 0.692708 7.804943 0.680490
 1 2 0.692708 7.303398 0.644388
 1 3 0.686458 7.615884 0.668237
 1 4 0.697917 7.226934 0.691135
 1 5 0.710565 7.822237 0.657732
 1 6 0.733073 7.981131 0.609336
 1 7 0.735532 7.646373 0.605729
 1 8 0.717187 8.670949 0.634500
 1 9 0.727273 9.336293 0.604466
 1 10 0.723958 9.355264 0.612758
 1 11 0.760417 6.080974 0.499425
 1 12 0.645833 11.404624 0.794820
 2 1 0.671875 12.681878 0.705908
 2 2 0.677083 12.173587 0.666831
 2 3 0.693750 10.721663 0.676455
 2 4 0.665799 12.523174 0.709724
 2 5 0.693452 13.684660 0.654921
 2 6 0.725260 14.049870 0.594619
 2 7 0.737269 13.615700 0.565537
 2 8 0.757292 12.722857 0.534703
 2 9 0.740057 13.861522 0.560825
 2 10 0.739583 14.723946 0.554940
 2 11 0.682292 20.089466 0.633916
 2 12 0.674479 17.260264 0.609003
 3 1 0.720486 14.674552 0.539697
 3 2 0.733073 12.300521 0.497257
 3 3 0.731250 13.620602 0.505551
 3 4 0.727431 14.231372 0.510238
 3 5 0.741815 14.117678 0.484569
 3 6 0.768880 13.471806 0.442589
 3 7 0.760995 12.407340 0.477673
 3 8 0.736979 13.888206 0.535972
 3 9 0.754261 15.112216 0.501345
 3 10 0.749566 15.895111 0.514865
 3 11 0.677083 18.835003 0.697994
 3 12 0.695312 16.201858 0.575465
 4 1 0.734375 13.982934 0.496170
 4 2 0.772135 11.982863 0.450377
 4 3 0.750000 11.163836 0.490312
 4 4 0.736979 10.183228 0.531227
 4 5 0.747024 9.560323 0.513318
 4 6 0.761719 9.324661 0.490587
 4 7 0.765625 8.893284 0.475503
 4 8 0.771354 9.037431 0.471360
 4 9 0.791193 8.992677 0.441667
 4 10 0.803819 8.742044 0.423360
 4 11 0.666667 7.640636 0.842370
 4 12 0.677083 7.333529 0.771246
 4 13 0.703125 6.994255 0.688642
 